0 00 00   0   0   1   0     0     0  
0 00 01   0   0   1   .25   .25   .25
0 00 10   0   0   1   .5    .5    .5
0 00 11   0   0   1   .75   .75   .75

0 01 00   1   0   1   0     1.0   1.0
0 01 01   1   0   1   .25   1.25  1.25
0 01 10   1   0   1   .5    1.5   1.5
0 01 11   1   0   1   .75   1.75  1.75

0 10 00   2   1   2   0     1.0   2
0 10 01   2   1   2   .25   1.25  2.5
0 10 10   2   1   2   .5    1.5   3
0 10 11   2   1   2   .75   1.75  3.5

0 11 00   3   2   4   0     1.0   4
0 11 01   3   2   4   .25   1.25  5
0 11 10   3   2   4   .5    1.5   6
0 11 11   3   2   4   .75   1.75  7
